g;1316134910
vuong ne;14960
vuog;10210
kim thoa xinn gai;8780
vun;7040
vun;7040
vun;6360
vung test sound;4960
vuong dep trai vcl;3900
vuong ne;3360
vun;3280
vun;3280
Kim Thoa;3180
vuong ;3030
vuong ;3030
vuong;2840
love;2680
v;2580
b;1400
vung;1300
vuong ne;1260
vun;840
v;800
v;400
vuong;400
n;300
v;300
b;300
h;210
vuong ne;200
j;150
vuong;150
v;100
vuong;100
f;0
b;0
k;0
m;0
g;0
vuong;0
v;0
v;0
v;0
f;0
n;0
thoa;0
v;0
vuong;0
vuongv;0
<<<<<<< HEAD
;0
0
;0
0
;0
0
;0
0
;0
0
;0
0
;0
0
;0
0
;0
0
;0
0
;0
0
;0
0
;0
0
;0
0
;0
0
;0
v;0
vuong;0
thoa;0
h;0
d;0
0
;0
0
;0
0
;0
0
;0
0
;0
0
;0
0
;0
0
;0
0
;0
0
;0
0
;0
0
;0
0
;0
0
;0
0
;0
0
;0
0
;0
0
;0
0
;0
0
;0
0
;0
0
;0
0
;0
0
;0
0
;0
0
;0
0
;0
0
;0
0
;0
0
;0
0
;0
0
;0
0
;0
0
;0
0
;0
0
;0
0
;0
0
;0
0
;0
0
;0
0
;0
0
;0
0
;0
0
;0
0
;0
0
;0
0
;0
0
;0
0
;0
0
;0
0
;0
0
;0
0
;0
0
;0
0
;0
0
;0
0
;0
0
;0
0
;0
0
;0
0
;0
0
;0
0
;0
0
;0
0
;0
0
;0
0
;0
0
;0
0
;0
0
;0
0
;0
0
;0
0
;0
0
;0
0
;0
0
;0
0
;0
0
;0
0
;0
0
;0
0
;0
0
;0
0
;0
0
;0
0
;0
0
;0
0
;0
0
;0
0
;0
0
;0
0
;0
0
;0
0
;0
0
;0
0
;0
0
;0
0
;0
0
;0
0
;0
0
;0
0
;0
0
;0
0
;0
0
;0
0
;0
0
;0
0
;0
0
;0
0
;0
0
;0
0
;0
0
;0
0
;0
0
;0
0
;0
0
;0
0
;0
0
;0
0
;0
0
;0
0
;0
0
;0
0
;0
0
;0
0
;0
0
;0
0
;0
0
;0
0
;0
0
;0
0
;0
0
;0
0
;0
0
;0
0
;0
0
;0
0
;0
0
;0
0
;0
0
;0
0
;0
0
;0
0
;0
0
;0
0
;0
0
;0
0
;0
0
;0
0
;0
0
;0
0
;0
0
;0
0
;0
0
;0
0
;0
0
;0
0
;0
0
;0
0
;0
0
;0
0
;0
0
;0
0
;0
0
;0
0
;0
0
;0
0
;0
0
;0
0
;0
0
;0
0
;0
0
;0
0
;0
0
;0
0
;0
0
;0
0
;0
0
;0
0
;0
0
;0
0
;0
0
;0
0
;0
0
;0
0
;0
0
;0
0
;0
0
;0
0
;0
0
;0
0
;0
0
;0
0
;0
0
;0
0
;0
0
;0
0
;0
0
;0
0
;0
0
;0
0
;0
0
;0
0
;0
0
;0
0
;0
0
;0
0
;0
0
;0
0
;0
0
;0
0
;0
0
;0
0
;0
0
;0
0
;0
0
;0
0
;0
0
;0
0
;0
0
;0
0
;0
0
;0
0
;0
0
;0
0
;0
0
;0
0
;0
0
;0
0
;0
0
;0
0
;0
0
;0
0
;0
0
;0
0
;0
0
;0
0
;0
0
;0
0
;0
0
;0
0
;0
0
;0
0
;0
0
;0
0
;0
0
;0
0
;0
0
;0
0
;0
0
;0
0
;0
0
;0
0
;0
0
;0
0
;0
0
;0
0
;0
0
;0
0
;0
0
;0
0
;0
0
;0
0
;0
0
;0
0
;0
0
;0
0
;0
0
;0
0
;0
0
;0
0
;0
0
;0
0
;0
0
;0
0
;0
0
;0
0
;0
0
;0
0
;0
0
;0
0
;0
0
;0
0
;0
0
;0
0
;0
0
;0
0
;0
0
;0
0
;0
0
;0
0
;0
0
;0
0
;0
0
;0
0
;0
0
;0
0
;0
0
;0
0
;0
0
;0
0
;0
0
;0
0
;0
0
;0
0
;0
0
;0
0
;0
0
;0
0
;0
0
;0
0
;0
0
;0
0
;0
0
;0
0
;0
0
;0
0
;0
0
;0
0
;0
0
;0
0
;0
0
;0
0
;0
0
;0
0
;0
0
;0
0
;0
0
;0
0
;0
0
;0
0
;0
0
;0
0
;0
0
;0
0
;0
0
;0
=======
;0
0
;0
0
;0
0
;0
0
;0
0
;0
0
;0
0
;0
0
;0
0
;0
0
;0
0
;0
0
;0
0
;0
0
;0
0
;0
vuong dep trai;0
vuong;0
vuong;0
v;0
v;0
v;0
v;0
v;0
v;0
v;0
vk;0
vuong;0
df;0
 v;0
dj;0
djd;0
djdf;0
df;0
kk;0
>>>>>>> 4be79cc17fe2ba205e48619f75e52a3e263d139e
;0
0
;0
0
;0
0
;0
0
;0
0
;0
0
;0
0
;0
0
;0
0
;0
0
;0
0
;0
0
;0
0
;0
0
;0
0
;0
0
;0
0
;0
1260
;0
0
;0
400
;0
;750
